88105654
88105697
88105701
88105705
88105722
88105728
88106738
88106744
88109585
88109587
88109589
88110671
88110684
88110689
88125021
88125028
88125029
88125030
88125034
88130735
88130737
88130923
88130934
88130942
88144066
88145341
88145347
88145829
88145836
88145837
88145842
88154732
88154752
88154761
88166468
88166668
88166672
88166673
88166692
88166693
88179154
88179155
88180793
88180797
88180814
88180821
88198863
88198864
88202895
88202903
88202923
88202927
88203332
88219462
88219463
88224773
88224780
88224797
88224798
88231261
88231265
88231435
88240297
88244484
88244485
88251121
88251126
88251145
88251146
88259798
88259816
88259825
88269611
88269612
88273304
88273311
88273329
88273330
88274703
88274709
88274710
88289798
88300631
88300636
88300637
88300649
88301162
88301355
88301374
88301375
88301382
88318812
88327554
88327556
88327570
88327571
88327572
88337057
88338685
88338686
88338687
88338689
88338690
88338691
88338693
88338694
88338698
88338699
88338700
88338701
88338703
88338704
88338705
88338706
88338709
88338710
88338712
88338716
88338718
88338720
88338731
88338732
88338733
88338879
88358102
88358106
88358116
88358325
88358344
88359250
88360401
88361479
88361486
88361489
88361507
88362320
88383301
88383302
88383307
88385962
88389529
88389530
88389531
88389532
88389535
88389537
88389539
88389541
88389542
88389543
88389544
88389545
88389546
88389548
88389549
88389550
88389551
88389552
88389553
88389556
88389601
88389602
88389650
88389860
88389861
88389867
88389870
88400904
88400905
88400906
88400907
88400912
88400916
88400918
88400920
88401090
88401092
88401101
88408273
88409248
88409249
88409250
88409865
88411514
88415948
88415949
88415950
88415951
88415954
88415955
88415957
88415958
88415960
88415961
88415962
88415963
88415964
88415965
88415966
88415967
88415968
88415969
88415970
88415972
88415991
88416148
88416242
88416243
88416253
88416971
88416973
88416974
88416979
88416984
88416986
88416988
88416989
88416990
88416992
88416994
88416995
88417037
88417038
88417045
88417078
88417080
88417082
88417084
88417087
88417088
88417091
88417092
88417093
88417094
88417095
88417096
88417099
88417102
88417103
88417104
88417105
88420943
88421497
88421722
88423822
88424562
88429561
88431485
88431540
88431794
88432850
88433238
88433239
88433240
88433831
88434292
88434523
88436840
88436841
88436843
88436845
88436847
88436849
88436850
88436851
88436852
88436853
88436854
88436855
88436943
88437052
88437053
88437054
88437057
88437058
88437059
88437060
88437061
88437066
88437068
88437182
88437189
88437193
88437460
88437462
88437463
88437470
88437472
88437473
88437474
88437476
88437478
88437569
88437570
88437575
88437577
88437989
88441522
88441533
88445425
88446489
88446490
88446559
88447511
88448389
88449119
88449198
88449199
88449202
88449204
88449205
88449209
88449210
88449213
88449214
88449215
88449217
88449218
88449830
88449834
88449841
88452833
88452835
88452836
88452848
88452849
88452854
88452855
88452857
88452858
88452865
88452872
88452894
88452896
88452898
88452900
88452913
88452918
88452926
88452935
88452939
88453230
88453236
88453370
88453690
88453778
88453779
88453784
88454341
88454437
88454722
88454987
88455874
88460939
88461481
88465688
88465690
88465696
88465698
88466015
88466016
88466019
88466020
88466021
88466024
88466025
88466027
88466030
88466031
88466035
88466036
88466037
88466040
88466041
88466042
88466222
88466225
88466227
88466232
88481011
88482047
88482118
88482132
88482137
88482138
88482139
88482141
88482142
88482143
88482330
88482331
88482332
88482333
88482334
88482335
88482337
88482338
88482372
88482373
88482375
88482376
88482377
88482378
88482379
88482381
88482414
88482418
88482553
88482575
88483764
88483783
88489928
88497145
88499893
88499894
88499895
88499896
88501064
88501568
88501627
88503984
88503985
88503986
88503987
88503989
88503991
88503992
88503995
88503996
88504000
88504001
88504002
88504003
88504004
88504005
88504006
88504007
88504011
88504030
88504299
88504320
88523543
88523891
88524019
88524039
88524157
88524203
88524661
88524726
88524879
88524939
88525136
88525139
88525321
88525322
88528181
88528183
88528185
88528186
88528188
88528192
88528194
88528195
88528196
88528198
88528199
88528200
88528201
88528202
88528203
88528205
88528206
88528207
88528208
88528216
88528217
88528253
88528358
88534598
88545359
88545360
88545361
88545364
88545365
88545370
88545372
88545373
88545374
88545375
88545376
88545377
88545378
88545379
88545380
88545381
88545382
88545383
88545384
88545387
88545391
88545457
88545551
88545559
88545561
88545656
88545842
88545919
88546372
88546567
88549442
88565474
88565563
88565565
88565572
88565574
88565577
88565578
88565604
88565615
88567436
88570162
88570816
88570933
88571018
88571040
88571100
88571761
88572285
88572292
88572308
88575042
88575043
88576687
88577162
88577302
88581593
88581594
88581595
88581596
88581597
88581600
88581601
88581605
88581608
88581609
88581610
88581611
88581612
88581613
88581614
88581615
88581616
88581617
88581618
88581619
88581620
88581621
88581629
88581770
88582175
88582183
88582185
88584218
88584220
88584221
88584222
88584228
88584229
88584230
88584234
88584235
88584236
88584237
88584239
88584475
88584479
88584482
88585209
88585212
88585217
88585221
88585223
88585225
88585226
88585229
88585231
88602754
88609061
88609062
88609063
88609064
88609065
88609066
88609069
88609071
88609072
88609076
88609077
88609081
88609082
88609083
88609085
88609086
88609087
88609088
88609089
88609090
88609091
88609096
88609100
88609160
88609326
88609327
88609336
88610100
88611754
88611863
88614543
88614938
88616281
88616283
88616284
88616293
88616294
88616296
88616298
88617005
88617015
88625728
88625731
88625732
88625735
88625738
88625739
88625746
88625747
88625748
88625837
88625844
88625847
88649405
88649406
88649407
88649408
88651637
88651638
88651640
88651641
88651644
88651646
88651647
88651652
88651653
88651654
88651655
88651656
88651657
88651658
88651659
88651661
88651664
88652400
88653302
88653309
88653312
88653444
88653445
88653446
88653456
88666872
88666873
88666874
88666875
88666882
88666885
88666886
88666887
88666888
88666935
88666940
88666943
88679112
88679303
88680268
88680519
88680554
88681841
88681848
88681862
88683854
88691696
88691697
88691698
88691700
88691703
88691704
88691707
88691708
88691709
88691711
88691712
88691713
88691714
88691715
88691716
88691717
88691718
88691719
88691720
88691721
88691725
88691727
88691728
88691732
88692054
88696508
88701645
88702857
88703428
88715606
88715607
88716445
88720873
88720874
88720877
88721487
88721488
88721489
88721494
88721495
88721499
88721500
88721502
88721503
88721504
88721505
88721506
88721507
88721508
88721512
88721581
88754806
88754923
88755652
88755874
88755875
88756112
88758742
88758856
88760116
88760117
88760118
88760121
88760124
88760127
88760128
88760129
88760130
88760133
88760134
88760135
88760136
88760137
88760138
88760139
88760140
88760141
88760142
88760259
88760393
88760395
88792553
88792675
88794146
88799358
88800027
88800028
88800032
88800033
88800037
88800040
88800041
88800042
88800043
88800044
88800045
88800046
88800047
88800048
88800049
88800055
88800056
88800057
88800059
88800231
88800398
88800405
88800408
88820020
88820021
88820022
88835590
88838737
88844939
88844940
88844941
88844942
88844943
88844944
88844947
88844948
88844950
88844951
88844952
88844953
88844955
88844959
88844961
88844962
88844963
88844965
88844971
88844972
88844973
88845244
88845939
88858094
88858103
88859578
88859579
88859582
88859585
88859586
88859589
88859595
88859597
88859607
88859609
88859610
88859613
88859615
88859616
88893625
88893626
88893627
88894919
88894922
88894923
88894924
88894925
88894926
88894927
88894930
88894931
88894934
88894935
88894936
88894937
88894940
88894941
88894947
88894948
88894949
88895266
88907887
88907888
88907892
88907894
88907896
88928155
88928157
88928168
88928169
88928170
88928173
88928175
88928176
88928182
88928187
88954553
88954556
88954559
88954560
88954561
88954562
88954566
88954567
88954568
88954569
88954572
88954574
88954575
88954576
88954577
88954578
88954579
88954580
88954587
88954588
88954589
88954600
88954601
88954602
88955797
88971548
88981889
88981892
88981903
88981904
88981905
88982102
88982106
88982108
88988508
89000504
89002407
89025998
89026000
89026001
89026002
89026003
89026004
89026005
89026611
89026612
89026614
89026615
89026616
89026619
89026620
89026621
89026622
89026623
89026627
89026628
89027747
89030896
89038774
89057910
89061626
89062783
89076356
89076359
89076363
89076364
89076365
89076366
89076368
89076388
89076389
89076514
89076516
89076518
89076562
89076563
89076564
89076587
89076588
89076973
89122330
89128057
89135130
89135320
89143177
89143181
89143182
89143184
89143185
89143189
89143192
89143193
89143195
89143196
89143197
89143198
89143199
89143200
89143201
89143202
89143205
89143381
89143382
89192430
89192431
89192432
89208344
89208346
89208350
89208351
89208352
89208356
89208360
89208361
89208363
89208365
89208366
89208598
89208925
89208933
89208935
89232793
89232797
89235276
89262112
89262114
89262116
89262120
89262121
89262124
89262128
89262130
89262131
89262132
89262133
89262135
89267847
89280571
89280573
89280575
89283094
89283095
89283104
89288445
89288447
89288451
89288455
89288456
89288459
89288460
89288602
89288610
89307966
89307968
89307973
89307974
89307977
89307982
89352004
89352006
89352007
89352008
89352012
89352013
89352016
89352017
89352019
89352023
89352025
89352026
89352030
89352031
89352032
89352228
89352230
89352237
89352837
89376687
89376688
89376692
89376693
89376696
89376699
89376709
89376711
89376715
89376722
89376728
89376729
89376730
89376737
89376739
89407571
89408361
89415721
89415722
89415723
89415724
89415727
89415728
89415729
89415730
89415731
89415732
89415733
89415734
89415737
89415738
89415743
89415744
89415747
89415753
89415754
89415755
89420025
89420026
89420027
89420032
89420040
89420042
89420046
89420055
89420059
89420061
89420066
89420069
89420369
90334173
90334584
90334593
90412890
90412894
90412900
90412903
90412905
90414464
90414473
90469591
90469597
90469598
90469605
90469606
90481792
90481806
90499534
90522885
90522892
90522894
90522899
90522900
90522902
90522903
90528725
90538484
90538491
90538629
90557757
90558934
90559336
90559720
90564650
90564653
90564661
90564664
90570142
90570143
90570152
90579420
90579422
90584708
90586811
90587292
90590773
90591608
90592053
90596023
90596170
90596468
90596490
90596496
90596497
90596499
90596502
90596506
90596508
90596509
90612820
90612821
90612832
90655943
90655944
90655945
90655950
90655952
90655954
90655960
90656065
90656066
90656077
90706626
90707683
90707853
90711504
90726658
90726659
90841682
90841684
90841687
90841689
90841693
90841695
90841699
91032014
91032015
91032026
91032027
91083754
91100069
91101856
91101857
91101858
91101867
91101876
91142413
91142415
91153735
91158256
91163048
91327546
91327552
91327555
91327559
91327737
91327739
91327862
91327864
91327874
91539534
91539535
91539545
91539548
91540600
91540607
91574213
91574214
91574222
91667642
91671106
91671109
91671113
91672337
91672342
91673457
91673461
91745738
91745741
91745749
91750481
91750488
91750963
91750970
91790706
92074455
92088473
92088481
92088483
92088488
92094483
92094961
92137283
92137770
92142472
92288993
92288995
92289001
92375550
92380958
92431324
92431333
92431334
92434376
92434378
92434383
92434384
92434385
92434388
92434389
92434395
92434401
92878635
92879450
92880304
92886925
92886926
92886932
92886935
92886936
92887012
92887017
92887754
92887756
92887759
92887760
92887761
92887763
92887768
92887771
92887775
92951005
92953362
92953370
92954537
92954539
92954541
92954546
92954548
92954549
92954555
93039568
93051704
93051707
93053279
93053280
93053281
93053285
93053288
93053297
93146782
93149607
93149610
93149611
93149613
93149615
93150578
93213685
93213724
93213726
93213728
93213731
93213733
93213734
93213735
93213736
93216410
93226386
93226388
93254781
93259621
93259864
93263427
93264508
93265143
93266116
93266414
93267988
93288181
93288185
93290664
93290665
93290668
93290671
93290673
93290676
93290677
93290680
93290682
93291270
93291275
93291281
93466689
93471101
93474479
93476258
93476262
93479442
93484906
93485658
93487413
93487415
93487422
93487424
93487427
93487428
93487429
93487433
93487573
93487578
93487584
93525494
93533250
93537964
93538045
93542105
93560677
93566912
93566913
93566916
93566921
93566922
93566927
93566928
93566929
93566931
93566933
93567007
93567017
93677590
93679526
93679835
93687394
93687395
93687397
93687400
93687401
93687405
93687408
93687409
93687410
93687413
93687414
93687415
93687887
93687889
93687899
93773699
93773700
93783245
93783247
93783248
93783252
93783254
93783257
93783258
93783261
93783262
93783264
93783265
93784073
93784074
93784082
93917890
93918808
93918809
93918811
93918812
93918820
93918822
93918823
93918824
93918827
93918829
93918830
93982541
93982817
93983008
93983009
93983011
93983014
93983019
93983021
93983023
93983024
93983025
93983027
93983029
93983030
93983401
93983410
94029931
94029932
94030027
94030029
94030034
94030035
94030037
94030040
94030042
94079564
94081985
94098953
94098954
94098955
94233160
94279650
94279651
94279653
94279654
94279656
94279658
94279661
94279664
94279666
94280281
94381780
94383638
94383641
94383717
94385165
94385696
94394406
94394408
94394410
94394412
94394413
94394416
94394421
94437843
94437844
96155103
96155171
96155172
96155177
96155178
96155180
96155182
96211608
96214588
96214653
96217224
96217681
96218355
96225576
96225580
96225581
96225584
96225590
96255304
96259019
96265104
96269031
96269072
96269074
96269084
96269087
96340858
96348792
96348853
96360707
96360709
96360713
96360714
96407587
96407636
96407647
96419172
96419178
96419183
96419184
96419187
96724968
96724970
96724975
96724976
96724981
96724983
96867922
96886141
96886142
96886144
96886149
96886151
96910238
96917399
96917401
96917407
96917408
96917412
96943322
99357384
99367717
99367721
99367722
99367724
99367726
99376986
99377535
99389601
99390126
99390195
99395379
99397782
99414202
99414385
99414388
99414393
99414396
99414397
99414530
99414531
99503794
99503799
99503801
99503803
99503805
99504031
99504033
100483033
100796968
100878748
100924300
101024195
101029975
101094319
101180201
101254313
101292005
101315438
101315462
101373467
101399712
101468849
101505188
101505189
101608677
101665500
101676171
101729635
101730016
101788634
101820277
101820278
101859881
101893196
101904299
101905615
101939862
101955015
101955016
101955043
101956274
102053409
102053410
102107846
102122613
102180584
102181993
102238473
102238474
102297083
102297084
102297123
102336614
102351721
102352523
102367431
102410876
102410877
102475411
102475680
102516510
102527252
102582883
102595409
102662120
102662121
102715545
102715627
102728252
102728253
102728290
102800366
102808360
102808390
102808424
102873094
102873095
102940603
103214087
103214088
103262011
103282639
103283014
103292914
103319254
103320184
103320191
103378989
103498791
103553438
103557780
103615610
103616822
103630724
103630733
103649704
103649705
103667011
103680143
103680177
103705891
103705892
103739760
103739799
103739800
103785790
103788086
103829890
103834256
103892910
103892944
103950329
103950330
103999707
103999712
104027981
104028008
104028009
104065445
104065446
104084884
104084885
104084907
104123581
104123582
104142008
104142228
104176792
104176802
104235569
104235570
104287910
104300524
104344272
104344273
104413773
104413774
104424260
104424261
104424292
104424293
104480030
104504943
104504948
104539599
104539611
104562439
104569767
104591242
104596995
104621340
104626439
104673381
104673412
104712154
104723146
104723462
104737507
104748309
104759094
104762161
104791210
104802216
104802217
104802233
104847353
104885480
104937226
104988813
105008672
105042210
105042211
105097004
105097060
105107428
105152371
105166067
105202565
105224093
105263640
105263641
105313170
105313179
105361591
105361592
105405958
105405968
105416940
105454623
105454635
105502444
105508618
105508634
105563879
105603574
105680466
105733705
105744382
105790789
105790870
105795787
105852850
105852851
105852873
105923798
105923800
105980208
106045337
106045338
106164609
106164611
